=== Run information ===

Scheme:       weka.classifiers.bayes.NaiveBayes 
Relation:     rjad_features-weka.filters.unsupervised.attribute.NumericToNominal-Rfirst-last
Instances:    200
Attributes:   8
              prevword
              nextword
              prevpos
              nextpos
              prevnum
              nextnum
              number
              class
Test mode:    10-fold cross-validation

=== Classifier model (full training set) ===

Naive Bayes Classifier

                               Class
Attribute                          1      3      4      5      8
                               (0.4) (0.41) (0.13) (0.03) (0.02)
=================================================================
prevword
  персона                         1.0    1.0    2.0    1.0    1.0
  наш                             1.0    1.0    2.0    1.0    1.0
  в                              11.0   20.0   10.0    1.0    2.0
  распределение                   1.0    1.0    1.0    1.0    2.0
  натуральный                     1.0    1.0    1.0    1.0    3.0
  пополнить                       1.0    1.0    4.0    1.0    1.0
  что                             1.0    1.0    2.0    1.0    1.0
  свой                            2.0    1.0    3.0    2.0    1.0
  её                              1.0    1.0    2.0    1.0    1.0
  пополнение                      1.0    1.0    2.0    1.0    1.0
  партийный                       1.0    1.0    3.0    1.0    1.0
  случай                          1.0    1.0    2.0    1.0    1.0
  охотный                         1.0    1.0    1.0    3.0    1.0
  на                              1.0    2.0    2.0    1.0    1.0
  же                              1.0    1.0    2.0    1.0    1.0
  из                              4.0    2.0    2.0    1.0    1.0
  калашный                        1.0    1.0    1.0    2.0    1.0
  военный                         1.0    1.0    2.0    1.0    1.0
  торговый                        1.0    1.0    1.0    2.0    1.0
  два                            13.0    1.0    1.0    1.0    1.0
  сплошной                        3.0    1.0    1.0    1.0    1.0
  девять                          2.0    1.0    1.0    1.0    1.0
  первое                          6.0    1.0    1.0    1.0    1.0
  один                           12.0    1.0    1.0    1.0    1.0
  задний                          3.0    1.0    1.0    1.0    1.0
  восемь                          2.0    1.0    1.0    1.0    1.0
  президентский                   2.0    1.0    1.0    1.0    1.0
  модельный                       3.0    1.0    1.0    1.0    1.0
  европейский                     2.0    1.0    1.0    1.0    1.0
  аппаратурный                    2.0    1.0    1.0    1.0    1.0
  другой                          2.0    1.0    1.0    1.0    1.0
  бы                              2.0    1.0    1.0    1.0    1.0
  недлинный                       2.0    1.0    1.0    1.0    1.0
  периметр                        2.0    1.0    1.0    1.0    1.0
  последний                       2.0    1.0    1.0    1.0    1.0
  звуковой                        2.0    1.0    1.0    1.0    1.0
  визуальный                      3.0    1.0    1.0    1.0    1.0
  длинный                         4.0    1.0    1.0    1.0    1.0
  2-3                             2.0    1.0    1.0    1.0    1.0
  купюрный                        2.0    1.0    1.0    1.0    1.0
  три                             2.0    1.0    1.0    1.0    1.0
  синонимический                  2.0    1.0    1.0    1.0    1.0
  вверх                           2.0    1.0    1.0    1.0    1.0
  стройный                        2.0    1.0    1.0    1.0    1.0
  несколько                       2.0    1.0    1.0    1.0    1.0
  неполный                        2.0    1.0    1.0    1.0    1.0
  алфавитный                      2.0    1.0    1.0    1.0    1.0
  ровность                        2.0    1.0    1.0    1.0    1.0
  между                           3.0    1.0    1.0    1.0    1.0
  шесть                           2.0    1.0    1.0    1.0    1.0
  ограда                          2.0    1.0    1.0    1.0    1.0
  по                              3.0    1.0    1.0    1.0    1.0
  предпоследний                   2.0    1.0    1.0    1.0    1.0
  и                               2.0    8.0    1.0    1.0    1.0
  после                           1.0    2.0    1.0    1.0    1.0
  целое                           1.0    9.0    1.0    1.0    1.0
  с                               1.0    5.0    1.0    1.0    1.0
  предъявить                      1.0    2.0    1.0    1.0    1.0
  полагать                        1.0    2.0    1.0    1.0    1.0
  содержимый                      1.0    2.0    1.0    1.0    1.0
  нерешенность                    1.0    2.0    1.0    1.0    1.0
  ещё                             1.0    3.0    1.0    1.0    1.0
  сделать                         1.0    3.0    1.0    1.0    1.0
  соотношение                     1.0    2.0    1.0    1.0    1.0
  иметься                         1.0    2.0    1.0    1.0    1.0
  известный                       1.0    2.0    1.0    1.0    1.0
  решить                          1.0    2.0    1.0    1.0    1.0
  течение                         1.0    2.0    1.0    1.0    1.0
  зрение                          1.0    2.0    1.0    1.0    1.0
  или                             1.0    2.0    1.0    1.0    1.0
  предшествовать                  1.0    2.0    1.0    1.0    1.0
  существовать                    1.0    2.0    1.0    1.0    1.0
  население                       1.0    2.0    1.0    1.0    1.0
  разработать                     1.0    2.0    1.0    1.0    1.0
  обладать                        1.0    2.0    1.0    1.0    1.0
  поставить                       1.0    2.0    1.0    1.0    1.0
  типологический                  1.0    2.0    1.0    1.0    1.0
  джинса                          1.0    2.0    1.0    1.0    1.0
  этот                            1.0    2.0    1.0    1.0    1.0
  сопоставить                     1.0    2.0    1.0    1.0    1.0
  назвать                         1.0    2.0    1.0    1.0    1.0
  пример                          1.0    2.0    1.0    1.0    1.0
  выявить                         1.0    2.0    1.0    1.0    1.0
  целый                           1.0    4.0    1.0    1.0    1.0
  обзавестись                     1.0    2.0    1.0    1.0    1.0
  среда                           1.0    2.0    1.0    1.0    1.0
  проявляться                     1.0    2.0    1.0    1.0    1.0
  оказаться                       1.0    2.0    1.0    1.0    1.0
  ведь                            1.0    2.0    1.0    1.0    1.0
  выдвигать                       1.0    2.0    1.0    1.0    1.0
  даже                            1.0    2.0    1.0    1.0    1.0
  создать                         1.0    2.0    1.0    1.0    1.0
  действовать                     1.0    2.0    1.0    1.0    1.0
  пересмотр                       1.0    2.0    1.0    1.0    1.0
  [total]                       176.0  176.0  120.0   99.0   98.0

nextword
  трутень                         1.0    1.0    2.0    1.0    1.0
  а                               2.0    1.0    2.0    2.0    1.0
  вооружённый                     1.0    1.0    2.0    1.0    1.0
  поклонник                       1.0    1.0    2.0    1.0    1.0
  число                           1.0    1.0    1.0    1.0    4.0
  как                             2.0    1.0    1.0    1.0    2.0
  скорее                          1.0    1.0    2.0    1.0    1.0
  издатель                        1.0    1.0    2.0    1.0    1.0
  свой                            1.0    3.0    2.0    1.0    1.0
  вто                             1.0    1.0    2.0    1.0    1.0
  один                            1.0    1.0    2.0    1.0    1.0
  партия                          1.0    1.0    2.0    1.0    1.0
  локо                            1.0    1.0    2.0    1.0    1.0
  сборный                         1.0    1.0    2.0    1.0    1.0
  организация                     1.0    1.0    2.0    1.0    1.0
  ленинский                       1.0    1.0    2.0    1.0    1.0
  и                               6.0    2.0    2.0    1.0    1.0
  сочувствовать                   1.0    1.0    2.0    1.0    1.0
  её                              1.0    1.0    2.0    1.0    1.0
  единый                          1.0    1.0    2.0    1.0    1.0
  региональный                    1.0    1.0    2.0    1.0    1.0
  пособлять                       1.0    1.0    1.0    2.0    1.0
  борец                           1.0    1.0    2.0    1.0    1.0
  группа                          1.0    1.0    2.0    1.0    1.0
  он                              2.0    1.0    2.0    2.0    1.0
  советский                       1.0    1.0    2.0    1.0    1.0
  выйти                           1.0    1.0    2.0    1.0    1.0
  на                              3.0    1.0    1.0    2.0    1.0
  с                              10.0    1.0    1.0    1.0    1.0
  специально                      2.0    1.0    1.0    1.0    1.0
  сидение                         2.0    1.0    1.0    1.0    1.0
  2002                            2.0    1.0    1.0    1.0    1.0
  mitsubishi                      2.0    1.0    1.0    1.0    1.0
  или                             2.0    1.0    1.0    1.0    1.0
  из                              2.0    1.0    1.0    1.0    1.0
  белых                           2.0    1.0    1.0    1.0    1.0
  зуб                             2.0    1.0    1.0    1.0    1.0
  огромный                        2.0    1.0    1.0    1.0    1.0
  выскочить                       2.0    1.0    1.0    1.0    1.0
  писсуар                         2.0    1.0    1.0    1.0    1.0
  исполнитель                     2.0    1.0    1.0    1.0    1.0
  увидеть                         2.0    1.0    1.0    1.0    1.0
  поставить                       2.0    2.0    1.0    1.0    1.0
  выпотрошить                     2.0    1.0    1.0    1.0    1.0
  где                             2.0    1.0    1.0    1.0    1.0
  олигарх                         2.0    1.0    1.0    1.0    1.0
  протянуть                       2.0    1.0    1.0    1.0    1.0
  расставить                      2.0    1.0    1.0    1.0    1.0
  вон                             3.0    1.0    1.0    1.0    1.0
  потом                           2.0    1.0    1.0    1.0    1.0
  округло-продолговатый           2.0    1.0    1.0    1.0    1.0
  не                              2.0    1.0    1.0    1.0    1.0
  так                             2.0    1.0    1.0    1.0    1.0
  кровать                         2.0    1.0    1.0    1.0    1.0
  пузатенький                     2.0    1.0    1.0    1.0    1.0
  в                               2.0    1.0    1.0    1.0    1.0
  у                               2.0    1.0    1.0    1.0    1.0
  вдоль                           2.0    1.0    1.0    1.0    1.0
  награда                         2.0    1.0    1.0    1.0    1.0
  то                              2.0    1.0    1.0    1.0    1.0
  автомашина                      2.0    1.0    1.0    1.0    1.0
  прочий                          2.0    1.0    1.0    1.0    1.0
  подставить                      2.0    1.0    1.0    1.0    1.0
  средневековый                   2.0    1.0    1.0    1.0    1.0
  двойной                         2.0    1.0    1.0    1.0    1.0
  проволока                       2.0    1.0    1.0    1.0    1.0
  грузовик                        2.0    1.0    1.0    1.0    1.0
  плечо                           2.0    1.0    1.0    1.0    1.0
  блестеть                        2.0    1.0    1.0    1.0    1.0
  они                             2.0    1.0    1.0    1.0    1.0
  какой-то                        2.0    1.0    1.0    1.0    1.0
  яблоня                          2.0    1.0    1.0    1.0    1.0
  подняться                       2.0    1.0    1.0    1.0    1.0
  я                               2.0    1.0    1.0    1.0    1.0
  словно                          2.0    1.0    1.0    1.0    1.0
  двустволка                      2.0    1.0    1.0    1.0    1.0
  злосчастный                     1.0    2.0    1.0    1.0    1.0
  случай                          1.0    6.0    1.0    1.0    1.0
  позиция                         1.0    2.0    1.0    1.0    1.0
  губернаторов                    1.0    2.0    1.0    1.0    1.0
  страна                          1.0    6.0    1.0    1.0    1.0
  приоритетный                    1.0    2.0    1.0    1.0    1.0
  претензия                       1.0    2.0    1.0    1.0    1.0
  параметр                        1.0    2.0    1.0    1.0    1.0
  собеседник                      1.0    2.0    1.0    1.0    1.0
  мера                            1.0    2.0    1.0    1.0    1.0
  крупный                         1.0    2.0    1.0    1.0    1.0
  очень                           1.0    2.0    1.0    1.0    1.0
  мутация                         1.0    2.0    1.0    1.0    1.0
  аксессуар                       1.0    2.0    1.0    1.0    1.0
  ограничение                     1.0    2.0    1.0    1.0    1.0
  эвристический                   1.0    2.0    1.0    1.0    1.0
  заявить                         1.0    2.0    1.0    1.0    1.0
  аспирант                        1.0    2.0    1.0    1.0    1.0
  заключение                      1.0    2.0    1.0    1.0    1.0
  психологический                 1.0    2.0    1.0    1.0    1.0
  международный                   1.0    2.0    1.0    1.0    1.0
  нестационарный                  1.0    2.0    1.0    1.0    1.0
  предприятие                     1.0    2.0    1.0    1.0    1.0
  вопрос                          1.0    3.0    1.0    1.0    1.0
  год                             1.0    2.0    1.0    1.0    1.0
  традиционный                    1.0    2.0    1.0    1.0    1.0
  подобный                        1.0    2.0    1.0    1.0    1.0
  произведение                    1.0    2.0    1.0    1.0    1.0
  эпизод                          1.0    2.0    1.0    1.0    1.0
  творческий                      1.0    2.0    1.0    1.0    1.0
  решение                         1.0    2.0    1.0    1.0    1.0
  разновидность                   1.0    2.0    1.0    1.0    1.0
  преимущество                    1.0    3.0    1.0    1.0    1.0
  причина                         1.0    3.0    1.0    1.0    1.0
  территория                      1.0    2.0    1.0    1.0    1.0
  требование                      1.0    2.0    1.0    1.0    1.0
  работа                          1.0    2.0    1.0    1.0    1.0
  другой                          1.0    4.0    1.0    1.0    1.0
  такой                           1.0    2.0    1.0    1.0    1.0
  самый                           1.0    2.0    1.0    1.0    1.0
  исследователь                   1.0    2.0    1.0    1.0    1.0
  зарубежный                      1.0    2.0    1.0    1.0    1.0
  наследственный                  1.0    2.0    1.0    1.0    1.0
  свойство                        1.0    2.0    1.0    1.0    1.0
  глубокий                        1.0    2.0    1.0    1.0    1.0
  биолог                          1.0    2.0    1.0    1.0    1.0
  физй                            1.0    2.0    1.0    1.0    1.0
  предложение                     1.0    2.0    1.0    1.0    1.0
  минерал                         1.0    2.0    1.0    1.0    1.0
  североиранско-европейский       1.0    2.0    1.0    1.0    1.0
  жидкость                        1.0    2.0    1.0    1.0    1.0
  особенность                     1.0    2.0    1.0    1.0    1.0
  приспособление                  1.0    2.0    1.0    1.0    1.0
  замечательный                   1.0    2.0    1.0    1.0    1.0
  попытка                         1.0    2.0    1.0    1.0    1.0
  задавать                        1.0    2.0    1.0    1.0    1.0
  обобщение                       1.0    2.0    1.0    1.0    1.0
  недостаток                      1.0    2.0    1.0    1.0    1.0
  массовый                        1.0    2.0    1.0    1.0    1.0
  акция                           1.0    2.0    1.0    1.0    1.0
  удачный                         1.0    2.0    1.0    1.0    1.0
  область                         1.0    2.0    1.0    1.0    1.0
  замечание                       1.0    2.0    1.0    1.0    1.0
  закон                           1.0    2.0    1.0    1.0    1.0
  номинация                       1.0    2.0    1.0    1.0    1.0
  ранее                           1.0    2.0    1.0    1.0    1.0
  [total]                       209.0  225.0  166.0  146.0  146.0

prevpos
  NOUN                            9.0   18.0    5.0    1.0    2.0
  ADJF                           42.0    6.0    7.0    6.0    3.0
  PREP                           18.0   27.0   12.0    1.0    2.0
  VERB                            1.0   16.0    2.0    1.0    1.0
  CONJ                            2.0   10.0    2.0    1.0    1.0
  INFN                            1.0    5.0    3.0    1.0    1.0
  PRCL                            2.0    2.0    2.0    1.0    1.0
  UNKN                            2.0    1.0    1.0    1.0    1.0
  NUMR                           12.0    1.0    1.0    1.0    1.0
  ADVB                            3.0    3.0    1.0    1.0    1.0
  PRTS                            1.0    3.0    1.0    1.0    1.0
  ADJS                            1.0    2.0    1.0    1.0    1.0
  [total]                        94.0   94.0   38.0   17.0   16.0

nextpos
  NOUN                           15.0   54.0   10.0    1.0    4.0
  CONJ                           12.0    2.0    4.0    2.0    2.0
  ADJF                            8.0   25.0   10.0    1.0    1.0
  PRTF                            2.0    3.0    2.0    1.0    1.0
  GRND                            2.0    1.0    1.0    2.0    1.0
  NPRO                            4.0    1.0    2.0    2.0    1.0
  VERB                            6.0    1.0    2.0    1.0    1.0
  PREP                           15.0    1.0    1.0    2.0    1.0
  ADVB                            7.0    3.0    1.0    1.0    1.0
  NUMB                            2.0    1.0    1.0    1.0    1.0
  LATN                            2.0    1.0    1.0    1.0    1.0
  INFN                            2.0    1.0    1.0    1.0    1.0
  PRTS                            2.0    2.0    1.0    1.0    1.0
  PRCL                            2.0    1.0    1.0    1.0    1.0
  [total]                        81.0   97.0   38.0   18.0   18.0

prevnum
  sing                           39.0   37.0    5.0    4.0    4.0
  plur                           12.0    5.0    8.0    3.0    1.0
  none                           34.0   43.0   16.0    1.0    2.0
  [total]                        85.0   85.0   29.0    8.0    7.0

nextnum
  plur                           23.0   79.0   10.0    1.0    4.0
  none                           37.0    4.0    4.0    4.0    2.0
  sing                           10.0    3.0   13.0    2.0    1.0
  [total]                        70.0   86.0   27.0    7.0    7.0

number
  plur                           28.0    1.0   27.0    3.0    1.0
  sing                           56.0   84.0    1.0    4.0    5.0
  [total]                        84.0   85.0   28.0    7.0    6.0



Time taken to build model: 0.01 seconds

=== Stratified cross-validation ===
=== Summary ===

Correctly Classified Instances         166               83      %
Incorrectly Classified Instances        34               17      %
Kappa statistic                          0.7323
Mean absolute error                      0.0974
Root mean squared error                  0.2322
Relative absolute error                 37.6753 %
Root relative squared error             64.7795 %
Total Number of Instances              200     

=== Detailed Accuracy By Class ===

                 TP Rate  FP Rate  Precision  Recall   F-Measure  MCC      ROC Area  PRC Area  Class
                 0.780    0.110    0.831      0.780    0.805      0.678    0.912     0.862     1
                 0.952    0.094    0.878      0.952    0.913      0.850    0.965     0.954     3
                 0.885    0.046    0.742      0.885    0.807      0.779    0.959     0.782     4
                 0.000    0.005    0.000      0.000    0.000      -0.011   0.853     0.116     5
                 0.000    0.005    0.000      0.000    0.000      -0.010   0.582     0.059     8
Weighted Avg.    0.830    0.090    0.802      0.830    0.814      0.731    0.932     0.855     

=== Confusion Matrix ===

  a  b  c  d  e   <-- classified as
 64  8  8  1  1 |  a = 1
  4 79  0  0  0 |  b = 3
  3  0 23  0  0 |  c = 4
  5  0  0  0  0 |  d = 5
  1  3  0  0  0 |  e = 8

